0 0
155 76
158 76
164 76
170 74
174 73
177 72
178 71
178 71
178 71
178 71
178 71
178 71
180 69
181 66
183 65
184 63
185 62
186 61
186 61
186 60
187 60
188 60
188 60
188 60
193 59
196 57
199 57
200 56
200 56
200 56
200 56
200 56
200 56
202 54
205 51
205 51
205 51
205 51
205 51
205 51
205 51
206 51
206 51
209 49
213 46
214 46
215 45
217 44
218 43
218 43
218 43
219 43
219 43
220 41
220 40
220 40
220 39
220 39
220 39
220 39
220 39
220 39
220 39
220 39
220 39
220 39
220 39
220 39
220 39
220 39
220 39
221 39
221 39
221 39
221 39
222 39
222 41
222 42
222 43
223 44
223 45
225 45
226 47
229 49
230 49
231 50
231 50
232 51
232 51
232 51
232 51
233 51
240 54
245 57
250 59
253 60
255 60
256 62
257 63
259 63
262 65
264 67
268 69
269 70
271 71
273 73
275 74
278 76
279 77
282 81
282 81
283 83
284 85
287 90
287 93
289 96
289 99
289 102
289 106
289 109
289 113
289 115
288 118
287 124
286 124
285 127
284 129
282 132
281 134
279 135
277 139
275 141
272 144
269 146
262 150
257 154
250 158
241 163
236 167
229 171
222 176
217 179
212 182
207 185
202 189
198 190
193 195
188 198
187 199
182 203
179 205
176 207
173 209
174 208
173 210
171 212
168 214
167 215
165 217
163 219
164 221
163 222
161 223
159 226
155 227
152 229
146 230
141 231
137 233
133 236
129 239
124 242
123 242
119 245
118 247
115 249
112 251
108 252
105 255
101 257
98 259
94 262
91 264
89 266
88 268
88 268
88 271
88 278
88 281
88 287
88 297
91 303
93 307
96 312
99 315
103 319
108 322
113 324
119 327
125 330
130 332
135 335
137 336
141 337
144 338
146 339
148 341
151 342
156 344
163 347
169 349
171 351
181 355
187 357
193 360
200 362
206 365
214 367
220 369
226 371
231 373
237 375
242 377
244 379
250 381
252 383
253 385
255 386
256 389
257 390
257 391
258 395
258 396
258 401
258 404
258 408
258 411
257 414
256 418
256 421
254 425
252 429
251 433
247 439
246 441
242 447
237 451
233 455
228 459
224 462
220 465
216 468
213 470
207 473
202 475
198 477
194 479
190 480
186 482
182 483
179 484
175 485
171 486
170 487
168 488
166 489
163 489
160 491
155 493
151 494
148 496
147 497
145 499
143 501
143 503
142 505
142 507
142 508
142 510
144 513
145 515
149 517
153 520
156 522
159 525
162 527
166 529
167 530
170 532
172 533
174 535
175 537
175 537
176 539
178 540
179 541
180 543
180 544
182 545
182 546
182 546
183 548
184 549
185 550
187 551
190 553
192 554
193 554
194 555
196 556
197 556
200 558
202 560
203 561
205 563
208 565
212 569
222 577
231 582
239 587
245 591
247 592
249 593
250 594
250 594
253 596
255 597
257 597
257 598
257 598